38
3
2.4
0
-9.5
0
0
0
1
1
1
3
2.4
0
5.5
0
0
0
1
1
1
3
9.4
0
-2
0
90
0
1
1
1
3
-5.1
0
-3.5
0
90
0
0.8
1
1
4
-5.1
0
4
0
0
0
1
1
1
2
6
0
-7
0
0
0
1
1
1
5
7.38
0
0
0
0
0
1
1
1
6
7.38
0
2
0
-90
0
1
1
1
7
7.8
0
-2.7
0
90
0
1
1
1
9
-4.99
0
1.5
0
0
0
1
1
1
10
-4
0
-9
0
0
0
1
1
1
10
-2
0
-9
0
0
0
1
1
1
10
0
0
-9
0
0
0
1
1
1
10
2
0
-9
0
0
0
1
1
1
10
-4
0
-6
0
0
0
1
1
1
10
-2
0
-6
0
0
0
1
1
1
10
0
0
-6
0
0
0
1
1
1
10
2
0
-6
0
0
0
1
1
1
10
-4
0
-3
0
0
0
1
1
1
10
-2
0
-3
0
0
0
1
1
1
10
0
0
-3
0
0
0
1
1
1
10
2
0
-3
0
0
0
1
1
1
10
-4
0
0
0
0
0
1
1
1
10
-2
0
0
0
0
0
1
1
1
10
0
0
0
0
0
0
1
1
1
10
2
0
0
0
0
0
1
1
1
11
7
0
4
0
-90
0
1
1
1
12
5.7
0
0
0
0
0
1
1
1
13
8
0
-4
0
-90
0
0.8
0.8
0.8
14
6.5
0
-3.5
0
-90
0
1
1
1
15
6
0
7
0
-90
0
1
1
1
15
3
0
7
0
-90
0
1
1
1
15
0
0
7
0
-90
0
1
1
1
15
-3
0
7
0
-90
0
1
1
1
1
-5.7
0
-1
0
-90
0
1
1
1
1
-5.7
0
-4
0
-90
0
1
1
1
1
-5.7
0
-7
0
-90
0
1
1
1
8
-7.7
0
-3
0
-90
0
1
1
1
